vader_running_avg	Close_running_avg
0.004304088	112.9819977
0.019029726	115.1319977
0.04819034	117.047998
0.085049667	119.6919983
0.093312145	121.5599991
0.089404207	123.9040009
0.113297414	125.8900009
0.089302966	126.6800003
0.106260108	128.6520004
0.169030248	132.9220001
0.189249848	135.4019989
0.200481933	138.5319977
0.249828654	145.1519989
0.282886503	154.047998
0.224144708	158.6299988
0.199033891	164.4959991
0.23660523	171.8920013
0.246324409	177.4920013
0.243218282	179.9080017
0.30507534	185.5279999
0.343047602	190.2459991
0.344314452	194.2219971
0.343271704	198.0319977
0.306423317	199.4139984
0.290099819	199.3899994
0.285369281	201.8779999
0.298120779	204.4680023
0.260467442	203.4119995
0.276489793	205.6959991
0.261314893	206.2419983
0.216084021	204.5639984
0.183636497	202.1299988
0.192719826	201.0980011
0.21136471	200.9620026
0.237148854	202.6300049
0.242578889	203.0120056
0.209419205	200.7780029
0.232317262	200.9600006
0.168264683	198.1959991
0.105533071	194.5959991
0.079231225	190.4419983
0.053548871	186.8459991
-0.001937198	181.976001
0.001000504	178.1100006
0.046490976	177.2199982
0.061617921	176.9099976
0.09736023	179.1519989
0.078731871	180.4899994
0.089442114	182.2440002
0.087486231	185.1080017
0.090158178	187.2480011
0.073021856	188.8660004
0.05458347	190.9220001
0.052972557	192.6339996
0.018685315	190.9559998
0.025098275	191.502002
0.011065911	192.1140015
0.090724591	195.5240021
0.077199947	196.1160034
0.06228554	196.7940033
0.004648474	195.1220032
-0.006460185	193.0780029
-0.050273247	188.4880005
-0.012169032	186.8919983
-0.002890539	184.4839966
0.045834571	184.5599945
0.06683772	184.547995
0.094037472	185.0539948
0.061080695	184.5579956
0.044557159	184.5679962
0.018130946	179.9859985
0.029143538	176.0019989
-0.005393021	171.1040009
0.005688805	166.376001
0.001914907	161.0080017
0.03578097	160.4480011
0.083257721	160.2940002
0.100602919	160.15
0.108333891	160.0779999
0.15910014	161.45
0.182788697	161.6519989
0.174914633	162.8019989
0.196760977	164.7939972
0.184880717	166.5619965
0.166588612	168.147995
0.14674349	170.323996
0.09486104	169.9079956
0.071571323	168.8199982
0.099622237	168.2940002
0.135196756	169.3580017
0.171315262	170.3200012
0.232369355	172.752002
0.283091472	177.2559998
0.277380233	181.1059998
0.24580029	182.9139984
0.218444301	184.4299988
0.212041953	187.0359985
0.190629802	189.4940002
0.190598653	193.1259979
0.233610757	198.05
0.263786807	203.95
0.249426879	208.8380005
0.285545108	212.8679993
0.308675147	216.9960022
0.314751776	222.4640015
0.309593687	228.55
0.328227456	234.9940002
0.317656488	242.473999
0.317603858	248.9179993
0.290748591	253.1259979
0.279942174	256.3540009
0.293645447	261.2780029
0.264927806	261.4280029
0.265430086	262.9919983
0.265119709	263.1320007
0.226090157	259.2339996
0.216293108	254.3859985
0.249159251	253.7419983
0.247076238	252.3200012
0.285395934	253.3539978
0.34632259	261.1079987
0.358775505	267.5619995
0.328468395	271.6220032
0.343723145	275.0080017
0.297148382	276.576001
0.241880196	274.5700012
0.208698913	272.4719971
0.228095352	272.7439941
0.222679465	274.1339966
0.252563355	278.2880005
0.300315187	282.997998
0.292216691	286.852002
0.245922729	283.852002
0.192238224	279.5799988
0.182284813	275.3159973
0.139601708	269.7039978
0.093235466	264.3219971
0.066170592	262.8839996
0.08685101	264.1680023
0.055168562	263.8420013
0.014229225	263.0000031
0.012251861	260.952002
0.039931338	261.6740021
0.023968246	259.1580017
0.014745725	255.9620026
0.032149179	253.6880005
0.013412234	251.3040009
0.007312499	248.5079987
-0.027844666	246.2659973
-0.068544506	243.9279968
-0.108691798	240.5799988
-0.108761488	237.2619995
-0.143461542	232.0380005
-0.141469926	226.6060028
-0.087193576	224.9100037
-0.042811031	224.9560028
0.003961588	227.2080017
0.025461812	229.3720001
0.047881265	233.9919983
0.01448272	235.5
0.038431426	240.297998
0.023811986	244.3059967
0.056654666	249.9139954
0.056725226	251.197995
0.103950114	254.7319916
0.108151206	253.6799927
0.149170337	252.597995
0.144618079	250.6819977
0.184816492	256.3959961
0.168632337	258.5940002
0.180594476	262.4699982
0.190878185	267.3799988
0.232223881	272.5580017
0.194321426	270.8980042
0.203442423	270.702002
0.184248881	268.9600037
0.151274449	264.8920013
0.098775407	258.9899994
0.12623834	255.3320007
0.121734484	250.8559998
0.118488002	246.4380005
0.145456539	244.5740021
0.157576162	245.6420013
0.132979046	246.5640015
0.103921748	247.0460022
0.131094403	251.1780029
0.13369555	253.9119995
0.149510145	255.973999
0.179857502	257.5880005
0.2426993	261.0059998
0.237697319	261.3719971
0.214738026	261.1359985
0.188670348	259.2539978
0.174588923	258.1039948
0.156196615	256.3499969
0.113854178	252.2879974
0.061601296	244.5359985
0.031288344	236.7100006
-0.011378883	228.3420013
-0.037790234	220.676001
-0.068031003	214.6240021
-0.07354479	211.7540009
-0.075632708	210.8160004
-0.087608163	207.8720001
-0.10270482	204.7359985
-0.03490407	203.3839996
0.055100623	205.9339996
0.104721071	208.4660004
0.153017915	212.8480011
0.192444697	217.1160004
0.20214107	220.4059998
0.164229912	218.7
0.164881794	217.6379974
0.203559782	218.5259979
0.239648893	221.5720001
0.240331758	225.7179993
0.253280187	230.4399994
0.244239631	234.3700012
0.21557102	236.7480011
0.185700457	237.5059998
0.147753719	235.7800018
0.181484597	236.152002
0.201909462	236.5080017
0.244792944	238.7320007
0.248061999	239.3200012
0.270613949	240.4940002
0.242472058	241.1700012
0.228260168	241.0700012
0.193893701	239.4700012
0.192738572	238.5160004
0.207811315	239.0279999
0.221682578	240.0299988
0.244527085	240.8619995
0.241981094	240.5199982
0.210600736	240.5039978
0.238926929	242.1859985
0.23008922	244.1179993
0.199401046	246.5859985
0.20616592	250.6279999
0.233805417	252.1980011
0.210616446	252.8880005
0.206862508	252.6959991
0.24113783	253.6019958
0.263407556	254.4459961
0.255985325	255.6539948
0.205004163	254.4499939
0.187117306	253.6259949
0.11498512	249.9939972
0.070838785	245.2919952
0.046222082	242.1539978
0.066104493	240.547998
0.036498695	237.8559998
0.075415415	236.9540009
0.058145839	234.8120026
0.028323858	231.0920013
-0.001804502	226.9840027
-0.022011861	223.102002
-0.060490212	218.6900024
-0.067398537	215.6840027
-0.062042399	213.6660034
-0.054058048	211.5120026
-0.033686777	209.9680023
-0.039297866	204.1180023
-0.053826456	198.3300018
-0.027025039	194.7559998
-0.035168712	191.2459991
-0.050919391	187.1379974
-0.050702078	188.3839966
-0.06773668	189.3159973
-0.112970276	187.3419983
-0.094712965	186.0440002
-0.055207284	186.102002
-0.017659167	186.2420013
0.058840744	187.3740021
0.080679535	188.7880035
0.050321389	188.5720032
0.047434716	188.7980042
0.110669608	190.976004
0.110788587	192.252002
0.11252759	193.3779999
0.150786718	195.5279999
0.15931363	197.2679993
0.077321326	195.5720001
0.07754226	195.4619995
0.113710093	196.6559998
0.132741555	198.1099976
0.167517151	199.0039978
0.198608982	201.1379974
0.15421447	198.8859985
0.114248226	195.0880005
0.073651839	189.9880005
0.009998923	185.3419983
-0.019934361	179.8819977
-0.02560666	177.8079987
-0.028680364	177.1679962
-0.039655038	175.7559967
-0.050958557	172.5259979
-0.068103705	170.1720001
-0.049780622	169.3779999
-0.045054629	168.1340027
-0.023523586	169.3700043
0.001544693	171.4340057
-0.001969211	172.8860046
-0.029450327	172.652005
-0.001200431	173.9220032
0.027342847	174.7560028
0.002589909	175.35
0.015324541	176.2279999
-0.002177411	175.0279999
-0.019814108	173.1700012
-0.035093693	171.426001
-0.018616582	169.2480011
0.009171401	168.8
0.038736703	170.85
0.016672129	171.5259979
-0.019427654	172.223999
-0.059818486	173.4540009
-0.124980782	171.1540009
-0.157753631	167.2
-0.167174741	163.9380005
-0.189182098	159.0039978
-0.185934028	154.2039978
-0.187984974	150.3179993
-0.158345311	147.8319977
-0.140789436	149.1679993
-0.088923941	153.2179993
-0.065263553	157.4659973
0.031021055	167.8659973
0.028279015	175.5859985
0.051964827	179.1579987
0.057565458	181.123999
0.073427459	183.7040009
0.03775903	181.8459991
0.027693268	180.7519989
-0.012045609	179.697998
-0.054367341	178.0899994
-0.094094049	175.5459991
-0.119779759	172.9720001
-0.087320061	172.9200012
-0.048305717	172.7740021
-0.004154567	173.3480011
0.051800681	175.1460022
0.059960049	175.7580017
0.078865649	177.5680023
0.058122061	178.7920013
0.037277411	178.5720032
0.023601629	178.9280029
0.028832769	179.2880035
-0.005641788	177.2060028
0.029943261	176.9420013
0.037241953	177.8100006
0.028568006	177.2199982
0.026998205	176.823999
0.037961982	176.5859985
0.013589828	176.4160004
0.040582525	176.2959991
0.057684044	175.7959991
0.058955541	174.973999
0.076797628	175.4319977
0.098560666	176.3379974
0.075317705	176.4439972
0.111461825	179.173999
0.136279281	182.0139984
0.123667057	182.8700012
0.134883603	182.9779999
0.149723147	183.8920013
0.145192955	183.8740021
0.173711164	186.176001
0.216288253	189.3459991
0.207739744	192.3200012
0.216065902	197.776001
0.214629594	206.5579987
0.200810073	216.5619995
0.191397994	227.3820007
0.182736785	238.3940002
0.184732524	248.8879974
0.174736506	255.2880005
0.120052329	254.2160004
0.075173838	253.5579987
0.04551101	253.497998
0.016769473	252.3440002
-0.018258627	249.3919983
-0.039106827	251.0319977
-0.039224225	249.2259979
-0.039881536	248.9999969
-0.077794425	246.9639984
-0.134970534	240.4619995
-0.144265262	234.6660004
-0.174946502	230.7860016
-0.162001401	226.9040039
-0.155377766	222.152002
-0.091316047	225.3680023
-0.063588458	224.6900024
-0.072450576	222.2640015
-0.103007308	215.6200012
-0.098012932	211.2240021
-0.129890851	203.1619995
-0.10159081	199.5579987
-0.064101954	198.023999
-0.052145289	197.7459991
-0.020559193	199.1839996
-0.038089628	201.1080017
-0.025854127	204.1680023
0.00403513	207.3920013
0.041031491	212.4380005
0.045596595	215.0920013
0.103120332	219.4700012
0.090735478	218.7740021
0.071361998	219.6140045
0.06627393	217.7120056
0.039437076	215.3340057
0.012585276	211.8300049
0.009050061	210.9540039
-0.004236279	209.7120026